20260829,208
20260830,208
20260831,208
20260901,209
20260902,209
20260903,209
20260904,209
20260905,209
20260906,209
20260907,210
20260908,210
20260909,210
20260910,210
20260911,209
20260912,209
20260913,210
20260914,210
20260915,210
20260917,214
20260918,215
20260919,216
20260920,216
20260921,216
20260922,216
20260923,216
20260924,216
20260925,216
20260926,217
20260927,217
20260929,217
20260929,218
20260930,218
20261001,219
20261002,220
20261003,223
20261004,223
20261006,224
20261006,225
20261007,225
20261009,226
20261009,226
20261010,226
